10
30
0.003741
0.0035836
0.0047002
0.0036337
0.0030847
30
30
0.0501201
0.0433081
0.0391843
0.037084
0.0420457
30
50
0.0539737
0.0546398
0.0550906
0.0542541
0.0546686
30
100
0.0615431
0.0517695
0.0573587
0.0573764
0.0489001
30
200
0.0646249
0.052543
0.0458341
0.0546883
0.0518912
50
30
0.22476
0.21654
0.261728
0.19664
0.153276
50
50
0.156909
0.15478
0.154379
0.152926
0.154312
50
100
0.170323
0.172183
0.169423
0.166615
0.165291
50
200
0.17818
0.179571
0.184784
0.180317
0.181779
50
1000
0.192917
0.189577
0.225972
0.188131
0.188595
70
30
0.410723
0.41913
0.410789
0.412297
0.450722
70
50
0.416314
0.415523
0.420908
0.413178
0.417243
70
100
0.488606
0.435604
0.43752
0.436397
0.487741
70
200
0.515365
0.523845
0.510943
0.512867
0.509585
70
1000
0.551028
0.516481
0.525241
0.518054
0.533308
100
30
1.24014
1.30392
1.2742
1.28561
1.32408
100
50
1.35077
1.39418
1.2368
1.27457
1.30028
100
100
1.31377
1.26635
1.32454
1.32693
1.38893
100
200
1.42575
1.45741
1.49911
1.36349
1.45569
100
1000
1.53821
1.67451
1.67512
1.55524
1.53145
