10
4.6739
3.5577
4.3697
5.589
3.9202
3.735
3.0543
2.9618
3.3391
2.9051
3.6503
4.1092
3.0358
4.4573
3.4
2.9746
2.6491
2.782
2.7895
3.2494
2.7658
2.8307
2.965
2.8224
3.1157
2.7641
2.8431
2.9672
2.9639
2.9721
30
50.1482
51.8849
54.2513
72.8606
56.0087
67.5809
42.2178
41.2748
58.0859
63.1744
73.755
62.7571
85.2702
64.2726
48.8928
74.1801
55.677
52.6193
68.5838
61.3808
59.3894
59.9147
49.7901
78.716
81.209
74.4094
70.5008
64.4546
81.7677
50.3684
50
250.588
187.275
189.333
213.527
212.192
201.881
203.356
189.563
188.149
177.218
182.584
184.575
195.588
210.137
208.57
203.122
193.708
179.115
184.717
186.96
199.03
181.007
187.574
178.982
179.693
185.576
186.388
196.733
189.749
182.842
70
513.463
501.685
508.877
502.376
557.305
548.438
507.268
501.286
507.107
484.394
542.007
501.268
507.722
500.412
505.671
503.749
503.447
491.832
502.802
510.147
494.211
502.143
493.069
487.635
518.832
496.676
510.651
498.437
518.974
501.88
80
766.627
740.126
752.977
746.921
758.055
752.367
753.235
756.38
760.061
758.169
758.001
758.097
748.276
767.709
754.947
745.125
759.879
767.094
752.128
765.368
735.144
753.795
743.704
763.677
747.158
751.907
754.424
753.814
742.362
754.974
100
1501.84
1495.91
1478.37
1506.59
1487.15
1501.12
1511.63
1503.56
1490.3
1482.55
1467.53
1480.13
1444.84
1476.56
1478.58
1492.79
1431.28
1446.09
1435.71
1434.87
1440.73
1422.91
1443.35
1446.27
1447.29
1434.38
1462.08
1495.24
1440.55
1441.75
110
2045.4
1961.81
1952.38
1975.75
1950.59
1951.51
1959.86
1956.4
1963.3
1981.12
1947.29
1942.66
1969.29
1963.82
1951.79
1967.59
1933.2
1936.96
1970.15
1966.88
1938.05
1950.86
1935.16
1971.39
1958.95
1941.61
1946.97
1966.98
1958.19
1951.28
120
2593.33
2562.55
2602
2638.75
2568.55
2572.57
2598.02
2572.13
2529.9
2555.8
2555.27
2551
2560.5
2532.61
2550.54
2570.23
2570.43
2561.87
2534.67
2574.66
2553.85
2558.79
2519.55
2576.25
2556.41
2557.08
2554.46
2548.23
2592.83
2646.78